273.04102
67.06155
99.17087
225.31837
162.56103
75.91645
181.92811
166.12529
55.36954
222.31374
101.74664
85.42327
137.05073
63.19904
162.04920
128.17460
83.56729
98.21349
201.78265
107.01136
129.06663
157.77314
91.17592
93.69920
86.28727
150.10195
199.72285
126.43472
248.72403
150.09379
65.52556
173.06732
113.08321
117.16724
170.71511
242.42521
178.74838
97.10834
176.93578
204.91033
170.05956
141.48863
43.79259
100.48899
119.54323
217.97206
237.49733
140.60330
164.04909
75.82676
151.34362
81.34698
210.14578
158.29291
159.52458
131.62529
161.55175
167.93990
222.88855
114.90826
138.16928
162.25266
61.18296
236.02243
155.19325
125.76852
149.63706
181.71854
166.35904
125.81180
105.55345
166.82951
144.66293
233.78079
143.41743
110.62552
268.03975
180.74681
215.45946
195.14828
204.00119
153.38129
76.16767
178.78570
120.68542
126.18454
82.25213
75.55206
143.24432
140.66445
202.28298
93.57253
55.68464
198.65690
101.39505
114.02394
250.97836
226.33587
217.43819
157.55661
60.24404
108.32968
195.67782
191.13150
118.79646
68.73134
105.03526
97.82874
153.09652
113.06414
219.29872
52.83896
191.83209
177.86469
159.42788
66.27864
237.80222
187.66811
96.60112
179.65833
231.00475
200.72620
182.91130
190.54479
162.13991
183.00736
146.00343
97.03182
192.25850
164.55585
195.19806
118.67846
150.09867
81.79301
107.88198
163.89480
78.22272
191.90124
70.98361
120.11910
71.25968
122.54137
135.21736
101.72089
206.94945
125.66876
155.29818
150.83825
64.73649
225.02830
272.61685
132.05053
191.19662
161.87166
169.89835
120.99869
147.49977
177.47737
114.45566
101.18825
88.91453
261.58251
209.92904
156.66692
142.69063
132.28580
70.78575
191.71371
159.53878
246.29600
81.01073
184.68190
88.96288
181.45868
155.77745
115.17153
236.03845
183.81917
110.69559
86.72779
70.37693
185.79320
151.57875
192.03584
58.59206
290.08389
84.68954
126.42257
114.02471
166.05267
173.40618
201.77492
144.13543
187.14507
84.46985
255.05427
277.72483
162.30774
84.70555
61.64844
97.98229
151.84726
114.58750
122.60290
164.50680
161.03251
87.05988
113.63684
170.49817
86.42363
99.61609
262.91476
139.74802
276.16192
103.86049
183.38158
125.24364
109.17081
122.34028
234.52616
92.67880
127.84428
140.84285
175.53408
205.56253
160.75821
168.99310
125.67975
55.05183
116.54252
178.28067
275.99510
139.96698
121.77939
175.74965
131.64039
82.64471
173.33339
125.31289
262.51408
100.19964
243.75005
250.64962
175.63207
118.47567
52.43195
173.95407
223.34651
131.46800
186.68145
230.60431
192.84890
220.71142
138.48727
187.07193
66.92368
190.26071
161.21656
167.09425
144.16095
134.33005
153.04188
232.69865
151.46631
132.66764
142.66404
156.99453
156.39730
115.52333
163.67908
123.71736
122.48865
167.99357
254.50994
97.00945
148.85263
172.17569
39.69034
210.49082
266.74519
115.76008
225.70070
241.34943
116.40545
181.81920
75.12869
189.71917
121.02339
117.38913
212.04875
158.48507
65.30908
255.82586
162.52287
127.98261
235.13319
87.94898
155.93650
199.94532
51.34646
202.07198
170.24526
150.38286
161.92590
249.03321
220.59107
103.19612
132.71529
84.39566
51.90400
225.68159
113.42097
137.56967
117.97837
182.70503
188.38830
147.75541
269.80574
175.10879
67.27335
118.48977
92.65416
94.02153
210.29380
77.41352
201.16251
198.97413
58.55535
211.16137
207.54922
128.78889
